,episodes,algorithm,win_ratio
0,0,TD3,0.54
1,500,TD3,0.526
2,1000,TD3,0.784
3,1500,TD3,0.856
4,2000,TD3,0.874
5,2500,TD3,0.97
6,3000,TD3,0.948
7,3500,TD3,0.968
8,4000,TD3,0.99
9,4500,TD3,0.996
10,5000,TD3,0.994
11,5500,TD3,0.998
12,6000,TD3,0.972
13,6500,TD3,0.994
14,7000,TD3,0.998
15,7500,TD3,1.0
16,8000,TD3,1.0
17,8500,TD3,0.996
18,9000,TD3,0.996
19,9500,TD3,0.996
20,10000,TD3,0.994
21,10500,TD3,0.992
22,11000,TD3,0.998
23,11500,TD3,0.994
24,12000,TD3,0.992
25,12500,TD3,0.98
26,13000,TD3,0.992
27,13500,TD3,0.994
28,14000,TD3,0.992
29,14500,TD3,0.996
30,15000,TD3,1.0
31,15500,TD3,0.992
32,16000,TD3,0.994
33,16500,TD3,0.998
34,17000,TD3,0.998
35,17500,TD3,0.994
36,18000,TD3,0.99
37,18500,TD3,0.992
38,19000,TD3,0.986
39,19500,TD3,1.0
40,20000,TD3,0.998
41,20500,TD3,0.996
42,21000,TD3,1.0
43,21500,TD3,1.0
44,22000,TD3,0.998
45,22500,TD3,1.0
46,23000,TD3,1.0
47,23500,TD3,0.998
48,24000,TD3,0.998
49,24500,TD3,0.996
50,25000,TD3,0.484
51,25500,TD3,0.484
52,26000,TD3,0.57
53,26500,TD3,0.706
54,27000,TD3,0.73
55,27500,TD3,0.854
56,28000,TD3,0.846
57,28500,TD3,0.872
58,29000,TD3,0.908
59,29500,TD3,0.914
60,30000,TD3,0.95
61,30500,TD3,0.916
62,31000,TD3,0.958
63,31500,TD3,0.96
64,32000,TD3,0.962
65,32500,TD3,0.976
66,33000,TD3,0.972
67,33500,TD3,0.986
68,34000,TD3,0.986
69,34500,TD3,0.97
70,35000,TD3,0.976
71,35500,TD3,0.986
72,36000,TD3,0.978
73,36500,TD3,0.972
74,37000,TD3,0.988
75,37500,TD3,0.974
76,38000,TD3,0.99
77,38500,TD3,0.996
78,39000,TD3,0.996
79,39500,TD3,0.988
80,40000,TD3,0.988
81,40500,TD3,0.988
82,41000,TD3,0.994
83,41500,TD3,0.994
84,42000,TD3,0.992
85,42500,TD3,0.974
86,43000,TD3,0.994
87,43500,TD3,0.994
88,44000,TD3,0.986
89,44500,TD3,0.99
90,45000,TD3,0.994
91,45500,TD3,0.986
92,46000,TD3,0.992
93,46500,TD3,0.988
94,47000,TD3,0.988
95,47500,TD3,0.992
96,48000,TD3,0.99
97,48500,TD3,0.99
98,49000,TD3,0.99
99,49500,TD3,0.99
